#	IP	num1	 ---79--------------
1	79	724 964 9056ok
2	91	937 756 0217ok
3	118	631 378 5627ok
4	197	937 756 0156ok
5	39	412 357 54411
=====================
#	IP	num2	
6	79	412 404 6568
7	91	219 767 4673
8	118	484 234 2406
9	197	201 428 6119
10	39	224 569 1399
=====================39---------------
#	IP	num3	
11	79	484 305 9764
12	91	580 245 6262
13	118	484 262 3262
14	197	484 306 0487
15	39	717 398 0116
=====================
#	IP	num4	
16	79	484 200 1963
17	91	734 606 4236
18	118	443 536 0011
19	197	276 221 4700
20	39	620 359 6414
=====================118--------------------
#	IP	num5	
nx	79	630 338 1699
nx1	91	574 966 5144 
nx2	118	630 338 1121
nx3	197	630 358 7459
nx4	39	517 565 0314
=====================
#	IP	num6	
nx5	79	804 414 8744
nx6	91	973 250 2201 
nx7	118	973 453 3473
nx8	197	973 512 2578
nx9	39	706 617 6186
=====================83------------------
#		IP	num7 	
nx10	79  978 425 1952	
nx11	91	978 434 5874 
nx12	118	662 591 4123
nx13	197	978 481 3993
nx14	39	405 494 8345
=====================
#		IP	num8 	
nx15	79  330 931 4831
nx16	91	218 226 5306
nx17	118	517 386 1598
nx18	197	517 459 0462
nx19	39	517 507 0721
=====================91--------------------
#		IP	num9 	
nx20	79  517 459 0387
nx21	91	512 489 4567 
nx22	118	908 975 5670
nx23	197	573 830 4118
nx24	39	908 857 4574
=====================
#		IP	num10 	
nx25	79  347 809 2349
nx26	91	347 695 4973
nx27	118	843 306 4274 
nx28	197	570 471 0479
nx29	39	843 306 4338
=====================197---------
#		IP	num11 	
nx30	79  843 321 4587
nx31	91	201 977 4969
nx32	118	580 303 7263
nx33	197	580 380 4202
nx34	39	910 716 4358
=====================
#		IP	num11 	
nx35	79  606 685 9172
nx36	91	606 879 0441
nx37	118	662 729 4180
nx38	197	662 709 6303
nx39	39	707 215 4289
=====================

